1
30199917
30509545
28031013
1442215
14281491
28712093
11686895
7982829
12888789
4912301
4934443
17387075
21388105
5391063
10736785
26651725
14065823
11363147
5477531
3187163
20783533
30421659
22512023
17683009
23355105
10709853
7915537
14285341
4771313
6434903
24074673
26301957
27376783
18961161
22545083
5128399
21824461
19359785
9027091
26326691
9921707
5897427
17326827
21001021
476399
22576155
9246675
31290863
8034985
21050717
25090195
30507443
20052801
22496967
23747105
3865207
21648403
1145273
9047059
11016063
27476119
19283417
19853669
25961127
17566105
14176247
11336463
30830427
15177573
7457227
30726407
8721789
28519809
5589465
9682729
3058597
10015011
25072371
23590947
27514575
25118441
32899737
28903281
18244271
5311221
14602721
3841599
25073789
31383689
13071653
24223235
2905407
31363475
7372167
4792629
569049
20192507
23074419
1428417
18429505
212007
11667515
32535047
23661253
31317811
22997369
28006779
12193961
14349319
2351083
28423235
28514115
18248095
23641033
27440845
25743863
26280627
26765887
24693329
23286111
9329849
17208363
8613051
18288849
32082571
28917021
19767093
10033331
17093439
9650793
21482035
13505609
3113185
24584207
6735519
19372061
14115157
5475881
14123581
1732125
31392901
7010593
2514699
4556441
22642317
7378533
7412783
16020739
2417791
20429917
29709137
5836201
7588183
24421259
29341601
24043005
22237833
9156467
12886237
19627011
22177257
17461491
1251257
31646953
20203217
5050741
27567073
23866971
19243139
30480117
29698597
8024839
28103473
29908331
33248033
28864975
32928315
18900239
14533509
31375349
18917617
33079369
15870535
19266511
31650377
27619071
22566665
15696189
9743163
1660807
11854169
32745995
6830537
10666321
16897821
6792997
15412029
27332977
25501003
33304441
14788121
13016019
1060481
19026815
24422601
6962769
25927819
2011563
18734983
25378905
3026555
4836829
9901287
22915129
25384885
17410751
28725007
30548709
6613655
31431833
23884009
11587115
21881831
32721063
607759
1757813
33489003
29676761
9687949
29218817
2918035
4546161
26030171
22882741
21474815
4278891
15008891
6207223
12019285
13622757
15651735
5658145
14855937
8519215
30758809
29920091
6407247
25875121
15154259
13078763
5547169
11077375
18418619
7098001
17520197
12240665
14699557
22111871
19646985
19940189
22503307
11064377
2701305
15702595
2347721
20366739
6191065
14132511
17614839
9835957
9605297
19727365
27384481
29524117
15098799
32439031
22200857
31113411
29000535
22665315
18980925
13125341
24840283
21249755
2657367
15119351
23355315
31079751
29995983
9336609
7375753
23080243
4268601
15996333
16392345
16027385
92561
25158595
25566499
6776339
9575727
4819679
24628643
4292077
2774355
15920585
21484839
17293111
32788621
32509837
24410857
11849397
10586039
33142863
24556445
11538499
3083355
32887943
18128723
5612681
20753379
30151279
25974915
3394411
21208079
4544619
15514745
5678121
22237467
17373377
7930667
2076129
18081723
426095
33138489
27180817
19588463
24958813
19317781
3579685
748215
17661561
25680681
25586929
30379573
31611041
17273083
13604307
591767
30069963
11255527
10342697
19045851
255891
21557501
1957281
7805039
775915
4155677
16618033
320459
18560125
3857805
6900969
7589527
5480905
22068537
15636299
18866021
17352709
27674905
25682533
544833
12476689
13290727
15667225
13520979
21588031
17917981
10947365
3509475
1574827
25180435
30924461
7464349
3598891
23934755
26218947
30834947
5835135
4428341
20108465
17297755
8391881
28322703
20801731
28039987
21050265
554049
9834969
4781299
17523477
31166709
26459275
14808593
19808349
1517727
5496315
27506419
28675191
28953767
20166533
16583215
11454519
6253557
26709037
21492347
20251511
29483649
27542417
6565287
31341909
15453997
16372545
29871367
13363685
9531785
14271761
18366417
1374785
12860575
5042031
31349351
14032413
6427157
8749983
5819371
25537745
3330285
5948331
26572281
4712023
20942871
7660631
675807
18390291
15435399
25568775
27609933
26992963
12872051
29199079
16540577
12004793
11811197
11400091
30637933
11808755
21244075
22190535
21305501
12942529
7625037
18020155
30711781
28767201
8002759
9739587
14004539
10222059
24397127
2334593
15671631
20554941
30785633
1924093
5772429
69041
15930715
28831825
3330187
20089161
2324019
7411863
17857797
1796513
14713601
14043017
1206007
110187
26319493
13264017
4954819
19355969
10407803
33076659
25471597
12880285
4378873
8412659
20678007
32999163
33236665
13019903
13453813
18414657
22881035
1739809
12860491
13109177
26435775
32174921
5963957
16556957
8439031
29621105
25592497
9043237
21084033
18620857
17066167
8366791
8863439
3019373
6654275
12253529
20964993
22118089
15502409
32725931
25298297
3803125
31351719
23222023
8949631
21654823
11455761
17659811
12448219
25867727
5079237
22889891
2944503
3086595
26152309
456975
8357497
31969849
4200335
260813
1027363
12065319
5761475
1113155
22444241
25950475
8917319
32870081
19844035
11119435
2505521
16387387
32791187
8291951
1371113
12810101
13710895
7797667
1635495
1256645
1767833
32544007
13621393
7992605
28597079
8228385
7497489
4122943
14696029
10040677
9992907
12367305
12672651
16617771
27977483
24876719
1845381
2738979
10196343
26388523
25168389
25371779
30738853
7565065
22229363
9928199
24413601
26007217
25639477
5231971
8184533
19636599
5107305
12223879
26024413
33488841
16042061
24316343
32318059
22784209
20462257
14370347
14119345
23653681
25557285
2615061
26273679
32530153
28554257
33160657
28169131
15382273
11285539
16259581
26845977
33243133
12152309
2804459
20016279
26172589
7819223
33215319
5677931
8947865
20549475
17146613
27563345
15016585
19962527
16847189
30825899
29218519
26431523
30174015
2030125
23845345
13271399
15043921
23339079
531803
30101161
15268179
26885541
6691833
1493279
19556135
20860109
13949233
18966829
28269257
6221269
8027993
8191909
4080513
22596209
14531473
16130575
17720333
16911415
6820301
4837705
6082225
14330923
29730041
31424085
1645143
5966649
20167643
5957237
14306813
28932213
1884331
6403871
1081641
3408579
31871467
27258085
1972579
21557945
19292101
32209819
24926023
13093561
6479003
4069903
19203511
20100439
22221999
20880133
6488871
14523521
24702261
33119151
147679
25350315
22729581
23865885
32477383
818815
22389473
22880633
25652091
22227991
6602481
21763581
13279923
16203095
19556321
13945065
4993017
4455611
33432007
16424797
17474487
2975515
21668525
21415913
1534737
4911885
30468077
22533107
24259131
32137583
9828271
12080353
24147849
9837603
31809499
1211927
25270677
25449513
15071717
25566133
30517787
13493955
5674289
10116995
16435125
23920505
2959759
20303971
23294179
6986383
4888601
23854349
15474875
28620949
28704065
15064389
10910057
17175165
13870137
21441593
7366567
20385939
27916291
12404499
13432231
21623215
10876391
18676535
23715811
5082257
29235141
29267277
11114109
6145797
32585869
31929391
4121343
18016399
1933
6094013
29189563
25916905
23766979
27775081
28008219
31502175
16405443
14466897
23353779
13264813
24405577
1439917
21612597
32224849
11312477
7081419
2391587
23857425
18518201
7638371
28633479
11659127
22908017
21556831
4420405
19695209
22278159
7863877
29330893
27379537
29650385
24438157
14752361
3835853
11816829
18922165
7053573
33166441
29909563
10140663
14960687
511515
10160627
27127935
12773025
29760021
28079281
13690689
8783231
11682449
16797633
18155667
3352885
25374989
8011733
4745679
1528867
12807539
7280087
28465395
6359231
15720047
6015961
7727281
23806485
23862653
24330677
10215617
26012961
23464581
31923631
4755991
28631021
16235787
139875
28121889
18749803
30277237
9641165
24560797
8194535
33094205
19814699
32460697
12686273
25510663
24943355
30363761
221695
566019
11924655
12328329
8695135
16917505
13584729
26342723
4688627
23523207
2624391
11582605
33187853
15773471
33255965
24218635
15922521
6630001
22000791
30891437
23845741
5273517
17398999
33539071
25045715
8813441
325429
2494275
86527
14271595
8127127
16899391
10798145
17955809
24212151
13318547
7315053
302985
13381053
21204545
23886147
4190169
6790309
14630021
27056765
20733313
2640743
24977119
1497419
5086823
15589449
15384221
11943407
643375
15214715
1640545
7098421
11723513
31090753
9337727
22458867
6312297
6370815
24172611
4120069
25933567
32411323
19034033
10317881
25798435
26957313
31383339
28369785
12701981
19183375
29003993
9664859
5821549
26443153
15629353
13073785
32115641
5494587
3319283
14091859
18823621
8051633
26187093
2913379
19413207
29005595
20470481
8518429
25356081
22218075
21377109
20719927
19186979
2224289
27606601
5307339
24695279
24719121
32777693
7025823
13297679
27666801
6401267
12337533
22376397
21473673
4745479
14282419
26987821
9478935
26972913
9897441
28109113
28703729
20806663
7443177
27517219
31508185
18005051
31758029
5510283
14669851
18378895
6962175
16685991
30715525
24081653
16106467
29556611
27393103
27187823
29127067
8808703
31112353
10564843
32429151
2066637
9254533
5988321
5418383
7053361
15073511
25122137
27123787
24860883
17229349
23274751
