1
167197
438881
227591
321427
378261
287543
99455
326375
400523
124207
374719
106765
208803
142049
440105
272791
475889
265791
459811
204911
77275
68461
24973
484981
309521
244275
37107
107301
281591
269157
465801
370703
123397
183449
141579
294603
400397
489613
250255
330781
77999
342663
221877
192427
355135
510933
379461
384113
67797
16263
209129
50993
434773
75283
177615
105223
317669
335305
221911
343593
219011
193345
14325
507227
216141
17655
423425
520133
417409
157565
171743
337585
220643
317755
296873
70649
475341
429711
150709
474733
142381
84377
93301
310047
92945
498207
192125
283257
184499
523591
179933
374561
291319
56367
479685
357177
56463
239057
5087
227271
363781
364857
97305
16085
17985
158135
114153
515489
163923
420935
258071
189457
201191
41371
434605
240823
217255
387449
406167
474201
371987
304643
201625
511467
348931
270711
269877
496899
404215
74051
118467
107845
452773
205329
223425
269995
82881
399319
475091
368495
231325
325635
153681
414175
401603
505497
434861
379647
123511
219637
310605
322617
423269
382101
301655
84489
81941
442267
247571
400685
77867
151233
419557
361313
369081
433751
301007
33341
68975
484509
118613
219933
519401
399049
148997
145335
2209
21155
408257
278725
146617
341673
261141
219949
177329
502507
381007
237281
314063
397905
522621
459081
374583
379799
464991
129327
290855
382139
178125
143983
7397
353827
328205
228593
247281
88101
358067
492191
8361
29603
435917
466559
36091
433489
77045
263871
235121
48419
329901
154619
673
67723
320303
352725
399387
34225
19479
452963
117923
264555
55641
284147
116683
280139
270133
245337
125203
201857
450041
483461
412795
268755
401729
203721
522331
136781
260193
295151
317223
29507
373539
424277
384993
76231
462787
157343
313187
430531
128203
443155
151365
6389
104985
208777
271827
208325
89499
216777
112497
248817
34741
139391
80975
233929
302685
477465
223459
362383
495983
62233
80469
293099
291141
443361
183825
354849
158899
417495
503705
39899
114777
502257
98693
95765
197069
207539
425239
426933
228287
40843
281007
15413
146579
425135
472359
147279
249351
164893
449427
498177
98033
5119
263333
206317
207057
78605
73049
290975
12423
313305
34879
150421
125391
460515
30923
452791
128793
166843
200931
83547
184975
134583
314297
149341
522633
464451
338721
213881
405297
384559
27865
258951
210557
85517
194819
285379
338185
470003
62249
362971
387487
498833
186129
417359
279689
214465
57339
355427
354035
140237
500259
374533
115227
72977
466873
344411
430827
380775
237357
316283
272637
126011
513447
451799
112511
202933
332363
220563
262539
85987
44451
520807
416841
309943
110497
435295
446653
319611
32785
246039
206215
283097
286869
450409
89257
328573
335609
383793
363841
465235
502275
475485
38845
492911
182933
26069
437077
481923
97291
342705
237999
135807
317487
77005
376097
513373
27651
164975
392507
511753
319187
437207
425927
463141
344425
400885
340209
145109
90503
443475
412317
275997
176003
363539
47399
320445
462447
378123
269479
92985
105065
5431
234803
53885
336461
71935
403889
99741
78697
341981
90193
366445
384293
210459
413591
180211
162257
215301
311553
342237
438239
165243
472307
123307
413283
111871
167277
155029
196987
194505
314975
435541
361741
68163
245271
391639
337093
519077
200053
242037
97933
92901
486703
517355
261663
324285
11425
257071
323591
438823
388555
195209
10171
418919
7597
407883
259431
347163
59087
311095
371797
373663
483969
140025
2385
303733
501041
253043
373721
429943
79795
505243
168167
386893
464401
77683
397143
268227
499617
485143
497079
327953
275245
348981
334511
360887
122337
461319
401683
10485
387941
178499
42031
467017
479003
207821
416863
313467
295395
161513
220845
104811
433435
443067
370733
310287
452403
420129
493985
292023
112505
439945
355897
289119
339423
305255
176073
509701
512801
89125
136215
40709
309637
30113
56999
353425
357847
68063
379779
358611
382883
130963
355271
411075
515875
161623
354553
312723
167401
102325
477633
476073
312977
143033
385207
292833
184895
85721
181683
154941
477493
264923
347583
54045
247707
434369
24565
342467
466135
403803
121029
118993
516541
438757
182015
424867
157617
60993
142791
228533
134733
483171
185833
459837
342183
217941
334227
385359
484921
113729
322161
167021
397173
516047
439575
138367
190845
11413
521921
347087
515449
62059
377701
362147
243343
343151
127807
203209
281769
471373
133015
415431
139489
304249
240465
359847
16551
421745
328957
491155
281737
329745
75747
357645
294635
168701
368079
512767
265073
33289
191697
475613
112521
473849
242227
405793
119981
362685
187317
103501
239727
339709
298255
394293
303955
414679
501389
497627
167077
334547
25621
443459
427393
45047
218955
107793
143077
25607
102619
480993
29777
26423
54299
233653
178995
187921
290801
428013
507467
195347
345795
104785
325271
108161
91337
434483
359529
63069
380461
26907
247383
478717
27549
413957
295893
432679
318573
320921
497253
415011
332129
278185
260095
15539
453319
375077
239701
62553
228827
102955
81755
406803
121925
27297
222745
284035
171583
504433
397977
523113
196675
14633
11107
418303
80199
330151
451297
194801
39797
228451
369727
415935
499763
412091
35277
6233
179041
381409
167983
508169
367327
280823
333941
476193
373141
179767
344707
59417
412727
315553
413643
499625
173929
414535
499031
439393
478565
20121
103633
191371
471949
452595
59397
91087
38555
382933
393345
88437
445553
462385
429673
381141
141641
194047
392931
21507
223861
522965
217679
14607
256027
484465
359601
333255
305019
44041
68687
36933
191793
393941
468383
228995
377411
15727
307045
92801
234869
87477
316495
373979
218659
268507
59545
4193
453501
437231
49259
264517
160935
337941
281437
154743
174251
508089
422995
441485
432287
127529
56585
99481
185757
157331
137225
481407
399637
154281
312673
104687
69659
352665
128501
482821
35011
120351
150157
64201
487333
470547
262029
133547
97989
315433
368239
3873
115903
502301
461455
34013
484201
387851
134463
488507
146199
324709
269847
111627
248443
330637
154959
165371
482803
500373
241601
465751
116039
266109
265641
219273
354813
396257
344301
62151
493391
299019
55213
128583
512817
406085
506699
289227
85837
194055
203883
450809
443963
119795
160137
611
133649
73973
69697
429139
439429
225771
118861
120395
400189
391097
78661
214445
156397
173453
163803
296735
18047
310661
125505
461601
131655
313543
427081
316847
299737
394703
287973
274605
301023
265825
486435
7149
465045
84433
515719
432557
16271
360193
495557
92783
406511
457587
41497
43717
93265
437031
13399
318375
187859
516331
383465
67341
41673
411689
252715
72543
467457
359101
311717
460141
212483
389425
333041
392067
463995
402891
178679
453733
49963
512019
393167
465435
208681
269127
386675
337127
155641
211443
255015
462657
375367
339035
313441
111119
162341
278275
361097
239917
131847
383035
252343
272797
103755
28369
461981
443157
420869
135267
55731
348427
147257
167319
174485
277083
44425
516627
2763
359679
485755
35479
58027
295067
151195
302773
131815
